0679781587
0143127748
0132350882
0521576341
0452284236
0060850523
0316769487
0393357623
0807285088
0142000670
0151010264
0439136369
0316015842
059035342X
0525564280
0385472579
0553380168
0142437204
0767908189
0452295273
1400031715
0679752905
0062515862
0140177396
0452262933
0805031215
038550420X
0316882791
0394417886
014025880X
0385472579
0316769487
0452284236
0316015842
0060850523
037570690X
0143127748
0375756094
0393357623
0316015842
0679760803
0394574763
0316720936
0684833824
0679760846
0151010264
0807285088
0062432713
0679779269
0316174240
0385480032
0316015826
0142000670
0385313436
0452295273
0439136369
059035342X
0452284236
0385502568
031601585X
0394413409
0060850531
0452293548
0142437204
0395824738
0316682809
0143038897
0395721180
067976080X
0316769487
0140280189
0385097767
0452295273
0618619513
0143127748
0062434955
0395669242
0316811835
0143113497
0316015826
0679817919
0316880714
0156003700
037570690X
0316334663
0375826162
0452295273
0316882791
0805031517
0142000670
0385502576
0679781622
0679760849
0452262933
0316884274
0395561223
0316174240
068480365X
0394574763
0395824738
037570690X
0395875069
0452295273
014303942X
0060850523
0316769487
0394417886
037570690X
0394574763
014018876X
0679779330
0679781587
0316024530
0316174240
0140192390
0375706928